time,heap_inuse,gc_cpu_fraction
0,548864,0.000000
1,1310720,0.000000
2,1474560,0.000000
3,1679360,0.000000
4,1925120,0.000000
5,2088960,0.000000
6,2293760,0.000000
7,2498560,0.000000
8,2703360,0.000000
9,2908160,0.000000
10,3153920,0.000000
11,3358720,0.000000
12,3522560,0.000000
13,3727360,0.000000
14,3932160,0.000000
15,4136960,0.000000
16,4341760,0.000000
17,671744,0.000006
18,876544,0.000006
19,1081344,0.000006
20,1286144,0.000006
21,1490944,0.000006
22,1695744,0.000006
23,1900544,0.000006
24,2105344,0.000006
25,2310144,0.000006
26,2514944,0.000006
27,2719744,0.000006
28,2924544,0.000006
29,3129344,0.000006
30,3334144,0.000006
31,3538944,0.000006
32,3743744,0.000006
33,3907584,0.000006
34,4112384,0.000006
35,4358144,0.000006
36,704512,0.000005
37,909312,0.000005
38,1114112,0.000005
39,1318912,0.000005
40,1523712,0.000005
41,1728512,0.000005
42,1933312,0.000005
43,2138112,0.000005
44,2342912,0.000005
45,2547712,0.000005
46,2752512,0.000005
47,2916352,0.000005
48,3121152,0.000005
49,3325952,0.000005
50,3530752,0.000005
51,3735552,0.000005
52,3940352,0.000005
53,4186112,0.000005
54,581632,0.000005
