time,heap_inuse,gc_cpu_fraction
0,458752,0.000000
1,1228800,0.000000
2,1392640,0.000000
3,1597440,0.000000
4,1802240,0.000000
5,2048000,0.000000
6,2252800,0.000000
7,2416640,0.000000
8,2621440,0.000000
9,2867200,0.000000
10,3031040,0.000000
11,3235840,0.000000
12,3440640,0.000000
13,3645440,0.000000
14,3850240,0.000000
15,4055040,0.000000
16,4259840,0.000000
17,655360,0.000011
18,860160,0.000011
19,1064960,0.000011
20,1269760,0.000011
21,1474560,0.000011
22,1679360,0.000011
23,1843200,0.000011
24,2088960,0.000011
25,2293760,0.000011
26,2498560,0.000011
27,2662400,0.000011
28,2908160,0.000011
29,3112960,0.000011
30,3317760,0.000011
31,3481600,0.000011
32,3686400,0.000011
33,3932160,0.000011
34,4096000,0.000011
35,4300800,0.000011
36,696320,0.000007
37,860160,0.000007
38,1105920,0.000007
39,1269760,0.000007
40,1515520,0.000007
41,1679360,0.000007
42,1884160,0.000007
43,2088960,0.000007
44,2293760,0.000007
45,2498560,0.000007
46,2703360,0.000007
47,2908160,0.000007
48,3112960,0.000007
49,3317760,0.000007
50,3522560,0.000007
51,3727360,0.000007
52,3932160,0.000007
53,4136960,0.000007
54,532480,0.000006
55,696320,0.000006
56,901120,0.000006
57,1105920,0.000006
58,1310720,0.000006
59,1515520,0.000006
